0 754 crime_mg ID
0 153        0.469985014
0 287        0.331870972
0 254        0.455862214
0 197        0.330217808
0 240        0.166209725
0 451        0.347332652
1 237        0.426437895
1 70        0.389038202
1 422        0.347760268
1 159          0.3419769
1 486        0.226744598
1 559        0.327221647
2 368         0.23763421
2 627        0.192708134
2 131        0.231663714
2 428        0.102308549
2 694         0.16315366
2 603        0.180772316
3 546        0.267081631
3 416        0.244736581
3 544        0.204824641
3 290        0.176325551
3 221        0.117705872
3 58        0.131084772
4 708        0.278127035
4 599        0.212197492
4 437        0.267205125
4 642        0.199972067
4 63        0.196891413
4 283        0.228817702
5 753        0.429302784
5 407        0.276275711
5 124        0.412753502
5 675        0.260735432
5 606        0.243547592
5 660        0.323544768
6 530        0.576563663
6 186        0.476161285
6 539        0.571461152
6 734        0.443143579
6 176        0.283148192
6 746        0.489222143
7 121        0.264142392
7 206        0.214543604
7 118        0.241286715
7 191        0.202782601
7 71        0.209639392
7 113        0.169913123
8 66         0.41742131
8 278        0.299420442
8 373        0.377924971
8 432        0.253012145
8 507        0.329212953
8 736        0.319241155
9 173        0.567907559
9 509        0.455541396
9 434        0.531019083
9 711        0.385001688
9 98         0.24304794
9 656        0.491155739
10 23        0.511160952
10 542        0.350354129
10 565        0.412289319
10 608        0.271604284
10 352        0.273345022
10 461        0.379815263
11 212        0.268345348
11 12        0.227466785
11 695        0.196275867
11 50        0.182770644
11 151        0.177863751
11 701        0.166242494
12 549        0.261089101
12 50        0.231078203
12 151        0.235458509
12 11        0.227466785
12 340        0.141320271
12 72        0.185442285
13 315        0.366365164
13 453        0.234962108
13 307        0.251087116
13 360       0.0845613199
13 27        0.140166559
13 482        0.243908067
14 293        0.289577502
14 755        0.195640374
14 418        0.254066397
14 687        0.177411671
14 626        0.105793699
14 45         0.20938743
15 405        0.280381355
15 700        0.203617925
15 117        0.256802586
15 259        0.164847727
15 44        0.183275511
15 20        0.245921024
16 597        0.210227523
16 134        0.187561821
16 219        0.194283718
16 57        0.147469018
16 566       0.0670924541
16 693        0.146768315
17 378        0.462084942
17 589        0.435808983
17 229        0.372736808
17 358        0.419642898
17 423         0.32596327
17 53        0.253724967
18 708         0.26716694
18 285        0.209392865
18 342        0.253596839
18 264        0.150160074
18 243         0.16456042
18 128        0.205692966
19 174        0.309229749
19 76        0.292505119
19 472        0.309211778
19 649        0.265964961
19 146        0.275409272
19 130        0.267245754
20 472         0.29340758
20 146        0.259289698
20 15        0.245921024
20 174        0.143836911
20 44        0.127860009
20 450        0.197900206
21 224        0.261305413
21 249        0.164574484
21 410        0.241821407
21 122       0.0692775989
21 411         0.14562142
21 653        0.223654278
22 704        0.228849101
22 575         0.19515675
22 693        0.203438474
22 436        0.168479906
22 166        0.119423556
22 219        0.160587058
23 322        0.352775253
23 342        0.291320567
23 318        0.317686752
23 715        0.241465954
23 542        0.218276356
23 608        0.282766434
24 416         0.28409446
24 58        0.183635974
24 375        0.271903817
24 580        0.141796505
24 574        0.262015271
24 232        0.262623326
25 692        0.315103495
25 628        0.315099882
25 702        0.243672378
25 179        0.203221766
25 556        0.258829948
25 231         0.21736374
26 738        0.218471464
26 544        0.153157454
26 668        0.213744635
26 716        0.120418066
26 510         0.10475682
26 368         0.19769861
27 541        0.274340012
27 360        0.209710285
27 104          0.2644167
27 13        0.140166559
27 307        0.149099919
27 482        0.250828752
28 406        0.260448888
28 683        0.215304119
28 695        0.256313751
28 36        0.164578642
28 619        0.230652576
28 75        0.255431597
29 257        0.260685796
29 633        0.246679583
29 610        0.235916165
29 57        0.163413218
29 302        0.193353457
29 68        0.215584513
30 419        0.296653761
30 718        0.257910644
30 199        0.218057522
30 604        0.213823321
30 361        0.162048947
30 468        0.215027345
31 260        0.273134334
31 512        0.200893299
31 749        0.172358043
31 504        0.172886546
31 256       0.0686079349
31 723         0.17108964
32 496        0.236450357
32 370        0.218083131
32 100        0.210095921
32 280        0.184802501
32 193         0.15054833
32 703         0.20329663
33 524        0.173099693
33 710        0.148857437
33 597        0.167825096
33 479        0.109258637
33 488       0.0697003169
33 633        0.156418104
34 485        0.464598222
34 750        0.406264643
34 475         0.44662887
34 272        0.317112627
34 200        0.373759369
34 351        0.387744064
35 316        0.535617977
35 254        0.509494679
35 728        0.529313624
35 287        0.464844675
35 153        0.342249857
35 735          0.4631524
36 476        0.264218895
36 28        0.164578642
36 611        0.238662206
36 75        0.114648542
36 399         0.15643331
36 695        0.231808969
37 668        0.226253875
37 441        0.217460304
37 247        0.212521552
37 119        0.130528313
37 266        0.145501159
37 694        0.172851139
38 127         0.51657757
38 99        0.391147686
38 448        0.429130664
38 120        0.325184038
38 161        0.160924758
38 728        0.363813117
39 388        0.347967175
39 578        0.278890895
39 720        0.342456772
39 431        0.190953831
39 145         0.15029702
39 648        0.339937206
40 397        0.259445098
40 74        0.230083814
40 630        0.224503913
40 444        0.227991789
40 473        0.213731778
40 520        0.136105388
41 553        0.583076593
41 303        0.380878618
41 698        0.564854217
41 712        0.296386347
41 521        0.326417068
41 592        0.402224313
42 359        0.388652412
42 669        0.374930368
42 339        0.296054536
42 291        0.159645283
42 452         0.16027419
42 295        0.267497667
43 630        0.308145097
43 385        0.253842717
43 268        0.286925181
43 366        0.125712595
43 487        0.191498797
43 312        0.227322882
44 174        0.262005065
44 700        0.211025472
44 15        0.183275511
44 228         0.19006116
44 20        0.127860009
44 450        0.181180026
45 585        0.198483729
45 687        0.166569834
45 398        0.198472251
45 626        0.116899503
45 418        0.142298145
45 658        0.179745521
46 672         0.86108491
46 93        0.684299336
46 82        0.854283371
46 567        0.524657761
46 269        0.667749396
46 739        0.608581931
47 296        0.169887015
47 217        0.153129464
47 536         0.15841924
47 336        0.110784266
47 234       0.0748461043
47 586        0.110069969
48 523        0.460047517
48 328        0.383630846
48 412        0.452789832
48 484         0.17827673
48 663        0.325685179
48 275        0.386949426
49 395        0.545339367
49 195        0.472934684
49 445        0.330413889
49 92        0.275629046
49 377        0.443614487
49 632        0.281870019
50 667         0.23337795
50 12        0.231078203
50 709        0.202173244
50 158         0.13107695
50 11        0.182770644
50 549        0.187731258
51 558        0.339072632
51 623        0.224806594
51 430        0.318148701
51 370         0.15553697
51 357        0.221706291
51 280        0.245548014
52 433         0.37310939
52 202        0.330114422
52 538        0.345434766
52 312        0.252750013
52 239        0.216592559
52 713         0.28662625
53 589         0.58474187
53 229        0.348769687
53 358        0.400590679
53 378        0.272494225
53 423        0.167855302
53 17        0.253724967
54 228        0.253852031
54 104        0.165603651
54 95        0.242095249
54 84       0.0953747641
54 111        0.168202668
54 541        0.192036522
55 590        0.281703377
55 645        0.190336454
55 474        0.275453892
55 77        0.179545073
55 101         0.14095783
55 595        0.153896162
56 616         0.27591312
56 394        0.190655436
56 256        0.267994468
56 489        0.160664814
56 504        0.107617362
56 460        0.252872698
57 302        0.251048472
57 29        0.163413218
57 235        0.237178793
57 16        0.147469018
57 59        0.162315694
57 566        0.170366226
58 232        0.248450373
58 544        0.219765296
58 221        0.238794619
58 24        0.183635974
58 574        0.170976344
58 3        0.131084772
59 566        0.214283597
59 134        0.213327011
59 719        0.212456136
59 57        0.162315694
59 550        0.138847505
59 235       0.0900047086
60 327         0.27297107
60 645        0.210724127
60 636        0.238342879
60 375       0.0664985059
60 468        0.119342883
60 580        0.184715923
61 518        0.362500522
61 582        0.312696553
61 618        0.282884063
61 425         0.19119186
61 706        0.174154733
61 380         0.23357758
62 561        0.196623979
62 590        0.190543323
62 747        0.183722802
62 190        0.121885112
62 569         0.16647993
62 469        0.173639046
63 323        0.230915759
63 301        0.192765729
63 4        0.196891413
63 321        0.167696454
63 622         0.13911982
63 437        0.157881239
64 635        0.224154251
64 184        0.220365504
64 81        0.186912894
64 527         0.19462292
64 443        0.116674463
64 367        0.128722383
65 438        0.451666154
65 272        0.326103129
65 85        0.448177083
65 750        0.276558059
65 207        0.310875571
65 164        0.331050205
66 262        0.337843086
66 573        0.283251607
66 736        0.328514514
66 432        0.169639428
66 278        0.251046152
66 490        0.294731063
67 62        0.238249168
67 310        0.152371047
67 569        0.215271238
67 379        0.150842209
67 190        0.130564387
67 306        0.132891911
68 302         0.25159141
68 257        0.213718467
68 29        0.215584513
68 610        0.162711177
68 517        0.106412377
68 400        0.206873851
69 413         0.16726517
69 418        0.152993473
69 162        0.123394562
69 293       0.0915797092
69 518       0.0942447767
69 585        0.121958072
70 643        0.532008614
70 1        0.389038202
70 159        0.408659185
70 486        0.169924162
70 456        0.221624983
70 720        0.307406491
71 206        0.253719959
71 191        0.228774844
71 615         0.24924837
71 314        0.212377692
71 7        0.209639392
71 114          0.2444332
72 695        0.294999449
72 399        0.246267268
72 340        0.286194126
72 151        0.186028816
72 12        0.185442285
72 499        0.227484291
73 168        0.640152629
73 273        0.634920431
73 137        0.604600885
73 244        0.357611263
73 377        0.567713559
73 330        0.520969959
74 520         0.34534714
74 397         0.24799257
74 237        0.327471644
74 40        0.230083814
74 444        0.199011857
74 422        0.290611007
75 499        0.264021333
75 28        0.255431597
75 399        0.217503294
75 36        0.114648542
75 611         0.14923886
75 476        0.167364755
76 19        0.292505119
76 382        0.213005531
76 270        0.267252049
76 359        0.201768962
76 669        0.161790564
76 472        0.146747515
77 714        0.230660308
77 327        0.205662843
77 101        0.217036864
77 55        0.179545073
77 474        0.133595451
77 645        0.181299837
78 562        0.276254046
78 136        0.254980243
78 607        0.267551452
78 245        0.136776702
78 204        0.113126419
78 419        0.259143398
79 107        0.180419989
79 83        0.165600616
79 91        0.174913195
79 315        0.144247784
79 686        0.114351343
79 252         0.17067743
80 354         0.26612363
80 313        0.214774956
80 466        0.249333612
80 308        0.138396435
80 625        0.191014401
80 680        0.244803643
81 443        0.221084573
81 90        0.168408107
81 64        0.186912894
81 527         0.16107593
81 576        0.140623136
81 210        0.169009789
82 672        0.880749304
82 46        0.854283371
82 493        0.865293024
82 567        0.443426423
82 737        0.601570371
82 600         0.72092952
83 252        0.221396871
83 79        0.165600616
83 548        0.215720482
83 315        0.137892512
83 689        0.131422843
83 183        0.176478005
84 104        0.260272506
84 228         0.20698459
84 541        0.223843583
84 54       0.0953747641
84 111         0.21059348
84 95        0.151155889
85 137        0.557870289
85 65        0.448177083
85 286        0.486326233
85 330        0.318050697
85 207        0.278176456
85 729        0.393360066
86 22        0.235322313
86 166        0.142991554
86 238         0.16633711
86 554        0.129629198
86 688        0.133452646
86 691        0.143301182
87 304        0.645504818
87 402        0.453405497
87 732        0.448054576
87 440        0.375296518
87 192        0.449131941
87 309         0.40546085
88 97        0.218652353
88 533        0.141122004
88 662        0.205430097
88 532         0.12440586
88 182        0.170934579
88 495        0.200442343
89 283        0.263240502
89 236        0.224594084
89 752         0.24863378
89 374        0.184878187
89 288        0.230159584
89 437        0.231321821
90 67        0.244433161
90 576        0.239415541
90 443        0.199397456
90 310        0.207431457
90 306        0.127780641
90 81        0.168408107
91 722        0.217812042
91 453        0.183790337
91 79        0.174913195
91 315        0.168438196
91 459        0.151061721
91 686        0.163758695
92 632        0.524534175
92 273        0.464267842
92 445         0.50967767
92 49        0.275629046
92 377        0.215156479
92 220        0.445839572
93 739         1.29283085
93 567         1.06335691
93 82          1.1581309
93 46        0.684299336
93 269        0.539574523
93 737        0.900145229
94 369        0.718066429
94 304        0.599492503
94 600        0.682620524
94 742        0.514834819
94 535        0.353730119
94 386        0.605290489
95 44        0.281643539
95 462        0.176797208
95 54        0.242095249
95 228        0.157447504
95 84        0.151155889
95 450        0.185615746
96 661        0.195499587
96 414        0.193104656
96 100        0.187385016
96 319       0.0681993416
96 271       0.0509534614
96 519        0.179137045
97 674         0.20656721
97 548        0.181365402
97 189        0.203586687
97 182       0.0846361467
97 495        0.203167612
97 612        0.172150546
98 371        0.587718647
98 173        0.416180396
98 711        0.507254447
98 509        0.316329552
98 9         0.24304794
98 434        0.299515137
99 324        0.446851226
99 353        0.391242081
99 38        0.391147686
99 127        0.131830914
99 120        0.257585873
99 161        0.322945175
100 271        0.238328069
100 703        0.172428093
100 32        0.210095921
100 496       0.0879236705
100 96        0.187385016
100 319        0.147799434
101 474        0.239042944
101 77        0.217036864
101 602        0.236167156
101 590        0.141268917
101 55         0.14095783
101 561        0.184695229
102 512        0.256075674
102 135        0.187010653
102 122        0.218916758
102 249        0.129649344
102 260        0.122411829
102 723         0.20629734
103 119        0.182432657
103 641        0.141012031
103 247        0.172895471
103 170       0.0666153201
103 668       0.0782535778
103 748        0.129284708
104 84        0.260272506
104 541        0.218161364
104 111        0.228137996
104 54        0.165603651
104 307        0.180002065
104 609        0.164520135
105 113        0.306293853
105 142        0.251203714
105 620        0.250489396
105 640        0.158695593
105 121        0.185325218
105 345        0.187800989
106 686        0.262442294
106 107        0.194414724
106 684        0.231019245
106 346        0.161292955
106 203        0.169616065
106 258        0.218916563
107 79        0.180419989
107 189        0.170445568
107 346        0.172605533
107 252        0.140781495
107 203       0.0945277855
107 686        0.138737106
108 143        0.250874803
108 477        0.220372502
108 724        0.185011666
108 110        0.143430833
108 181        0.177118119
108 392         0.17676995
109 276        0.278191532
109 363        0.179419605
109 470        0.265888226
109 337        0.170670252
109 523        0.162314112
109 275        0.255703263
110 724        0.251114502
110 647        0.196903997
110 300        0.238177573
110 446        0.133189584
110 108        0.143430833
110 392        0.163837006
111 540         0.24425822
111 104        0.228137996
111 700         0.20376139
111 84         0.21059348
111 54        0.168202668
111 228        0.200008071
112 614        0.676078631
112 353        0.555715187
112 344        0.504289192
112 299        0.384205568
112 355         0.55186948
112 639        0.331465783
113 570        0.298595352
113 620        0.196210372
113 522        0.249354078
113 7        0.169913123
113 118         0.13434075
113 121        0.175023723
114 20        0.325732017
114 71          0.2444332
114 15          0.3089509
114 314        0.186879279
114 117        0.177768646
114 146        0.286830271
115 279        0.463139378
115 172        0.430313778
115 176         0.37793084
115 539        0.368930479
115 530        0.230085766
115 746        0.319325319
116 578        0.383154648
116 202        0.273557656
116 648        0.309302534
116 553        0.247946002
116 613        0.201102442
116 713        0.268935003
117 726        0.291178631
117 71        0.254789548
117 15        0.256802586
117 259        0.209052969
117 114        0.177768646
117 615        0.252275742
118 7        0.241286715
118 620         0.19243456
118 467        0.215362935
118 113         0.13434075
118 522        0.127204968
118 570        0.164956093
119 368        0.199994579
119 103        0.182432657
119 247        0.184816714
119 510        0.114327465
119 668        0.106001516
119 37        0.130528313
120 448        0.393130761
120 127        0.315792156
120 353        0.352207638
120 161        0.171991321
120 99        0.257585873
120 38        0.325184038
121 640        0.291337174
121 206        0.282414455
121 7        0.264142392
121 105        0.185325218
121 113        0.175023723
121 620        0.257059783
122 135        0.243912831
122 102        0.218916758
122 224        0.235487126
122 249        0.100743736
122 21       0.0692775989
122 411         0.21281764
123 566        0.220705763
123 624        0.138868337
123 393        0.192775922
123 133        0.114951106
123 693        0.113956237
123 575        0.124207895
124 729        0.512486073
124 335        0.413804105
124 407        0.438151974
124 438        0.347879495
124 675        0.392647944
124 5        0.412753502
125 305        0.279135092
125 348         0.27291639
125 677        0.264763841
125 552        0.209874405
125 681        0.156789173
125 154        0.149810312
126 280        0.217179198
126 516         0.13364306
126 248        0.213552981
126 430        0.126448506
126 558        0.104174659
126 703        0.154146541
127 299        0.493123558
127 353          0.3059806
127 161        0.427259868
127 99        0.131830914
127 120        0.315792156
127 324         0.33875855
128 264        0.285069114
128 727         0.11628655
128 715        0.275766753
128 342        0.108356445
128 18        0.205692966
128 243        0.216371696
129 743        0.563953621
129 364        0.465777133
129 454        0.551910228
129 651        0.327302027
129 274        0.321425115
129 440        0.474516908
130 528        0.329309462
130 649        0.298925086
130 19        0.267245754
130 289        0.273376319
130 538        0.191870687
130 740        0.261604191
131 603        0.247665555
131 410        0.193565159
131 2        0.231663714
131 428         0.15242326
131 653        0.216070367
131 562        0.207388249
132 351        0.477925515
132 333        0.258714929
132 34        0.470066518
132 157        0.222723898
132 485        0.134597663
132 475        0.412599243
133 566        0.196386058
133 134        0.156988845
133 693        0.184671535
133 624        0.107055129
133 123        0.114951106
133 208        0.114051997
134 16        0.187561821
134 133        0.156988845
134 152        0.182886175
134 566        0.120470756
134 208        0.165700937
134 235        0.176143508
135 637        0.198678869
135 224        0.153884535
135 102        0.187010653
135 512        0.133117969
135 260         0.10719401
135 723        0.184369804
136 78        0.254980243
136 607        0.170976336
136 596        0.249071533
136 245        0.148317167
136 318        0.231150551
136 733        0.057552675
137 73        0.604600885
137 124        0.604381777
137 85        0.557870289
137 335         0.42115252
137 729        0.316913232
137 690        0.418147735
138 647        0.179041994
138 465        0.164169705
138 612        0.162463642
138 674        0.141560771
138 300        0.131456963
138 705        0.152909056
139 484        0.545167467
139 717        0.521031483
139 8        0.532985598
139 464          0.3587022
139 507        0.303800782
139 736        0.435385624
140 265        0.288926978
140 631        0.222517033
140 678        0.265886951
140 231        0.126836573
140 692        0.146664235
140 236        0.209059722
141 317        0.277798528
141 396         0.25065717
141 741        0.240120119
141 634        0.180500228
141 724        0.235631019
141 467        0.236884657
142 105        0.251203714
142 147        0.248317435
142 478        0.246307384
142 169        0.206080005
142 345        0.235725429
142 640        0.188769999
143 679         0.19227585
143 209        0.167382524
143 709        0.149759449
143 233        0.135368106
143 477         0.12112084
143 667        0.129184706
144 644        0.251468804
144 332        0.245054037
144 227          0.2437755
144 347        0.240655174
144 349        0.161110068
144 169         0.21459803
145 502         0.45909918
145 431        0.340505344
145 720         0.36143278
145 39         0.15029702
145 388        0.203975868
145 578        0.354555088
146 314        0.311852249
146 19        0.275409272
146 114        0.286830271
146 20        0.259289698
146 174        0.183072214
146 289        0.281149207
147 142        0.248317435
147 332        0.224218502
147 529        0.224475286
147 169        0.207876167
147 498          0.1826706
147 478        0.213237589
148 299         1.16557503
148 112         1.06077352
148 639        0.983842606
148 401         0.38894528
148 355        0.512047281
148 614        0.954043798
149 354        0.296727258
149 466        0.289225288
149 683        0.220146847
149 356        0.175204079
149 406        0.277717007
149 439        0.178134768
150 494        0.220276292
150 650        0.190988133
150 194        0.169786592
150 540         0.16727619
150 730        0.115491764
150 405        0.142574432
151 12        0.235458509
151 72        0.186028816
151 701        0.200165853
151 695        0.112188346
151 399        0.157795043
151 11        0.177863751
152 133         0.21109779
152 387        0.147443161
152 246        0.207092698
152 560        0.116953073
152 208        0.106341254
152 134        0.182886175
153 451        0.432135145
153 254        0.207471469
153 316        0.385008679
153 287        0.139025999
153 240         0.30377665
153 35        0.342249857
154 681        0.306096598
154 348        0.243504427
154 216        0.245905473
154 125        0.149810312
154 305        0.240742646
154 552        0.241554423
155 47        0.203966769
155 398        0.202277915
155 296         0.19861966
155 336        0.187104943
155 234        0.129121198
155 616        0.141359899
156 624        0.218426216
156 531        0.207267013
156 393        0.114156749
156 691        0.198683855
156 575        0.199021445
156 350        0.112852818
157 507        0.444366239
157 132        0.222723898
157 383        0.423285513
157 333        0.168167135
157 717        0.297764112
157 485        0.329357789
158 682        0.236061338
158 667        0.169836594
158 549        0.200536155
158 50         0.13107695
158 181        0.159944326
158 709       0.0960648449
159 1          0.3419769
159 720        0.297240948
159 431        0.311779761
159 559        0.169483477
159 486        0.293168478
159 697        0.264099223
160 412        0.252164234
160 328        0.233378781
160 281        0.229483935
160 225        0.212955244
160 654        0.153492996
160 435        0.185692396
161 127        0.427259868
161 99        0.322945175
161 728        0.414146605
161 38        0.160924758
161 120        0.171991321
161 448        0.343481124
162 425          0.2057122
162 585         0.19544016
162 577        0.191829023
162 69        0.123394562
162 198        0.104668062
162 518        0.162137976
163 461        0.242659332
163 241        0.179105115
163 621        0.222401349
163 178        0.116627346
163 666        0.106807017
163 391        0.141802917
164 34        0.470665153
164 750        0.454956962
164 729        0.449052009
164 272        0.162020568
164 65        0.331050205
164 438        0.174890047
165 706        0.273219015
165 518        0.210679742
165 293        0.248059794
165 413        0.119212916
165 618        0.173619896
165 687        0.243643334
166 238         0.23048382
166 86        0.142991554
166 393         0.18203325
166 691        0.125358268
166 22        0.119423556
166 575        0.146162734
167 216         0.46647834
167 154        0.368474291
167 592        0.458232968
167 305        0.136469337
167 125        0.369760561
167 681        0.445630798
168 454        0.532284059
168 273        0.408621561
168 192        0.418627494
168 369        0.281253032
168 244         0.32507838
168 386        0.418208148
169 227        0.317499993
169 332        0.246769471
169 676        0.309952823
169 142        0.206080005
169 147        0.207876167
169 144         0.21459803
170 298        0.188543755
170 668        0.144343345
170 754        0.172334562
170 641       0.0744175081
170 103       0.0666153201
170 748        0.138801656
171 421        0.297353857
171 506        0.211909353
171 670         0.26566444
171 583        0.211760079
171 665        0.150611953
171 657          0.2643467
172 277        0.557045059
172 279        0.367412372
172 530        0.501391461
172 344        0.362953668
172 115        0.430313778
172 551         0.36791907
173 588        0.473854144
173 593        0.464001001
173 351        0.429306005
173 343        0.384634628
173 434        0.266629425
173 98        0.416180396
174 19        0.309229749
174 472        0.191007403
174 44        0.262005065
174 20        0.143836911
174 146        0.183072214
174 450        0.236142614
175 356        0.293042445
175 652        0.252830695
175 308        0.283288898
175 466         0.12942574
175 584         0.20128771
175 680        0.222095363
176 734        0.536613009
176 539        0.313894097
176 115         0.37793084
176 530        0.294664736
176 6        0.283148192
176 746        0.358317253
177 477        0.152721009
177 392         0.15118319
177 300        0.151972178
177 209          0.1455016
177 465        0.085712061
177 513        0.103046245
178 391        0.255310835
178 621         0.24732159
178 461         0.24219943
178 163        0.116627346
178 666        0.133979531
178 322        0.162788253
179 458        0.317307514
179 556         0.31323575
179 623        0.282512548
179 25        0.203221766
179 185        0.209854945
179 231        0.256864234
180 311         0.22633849
180 537        0.195790428
180 644        0.209060299
180 473        0.124034717
180 480        0.154592065
180 397        0.197228828
181 667        0.224679444
181 108        0.177118119
181 682        0.210165278
181 709        0.142286388
181 158        0.159944326
181 143        0.204434569
182 282        0.224822729
182 189        0.153654126
182 533          0.2184109
182 495        0.121023842
182 97       0.0846361467
182 88        0.170934579
183 650        0.234043077
183 83        0.176478005
183 548        0.153466873
183 325        0.146552931
183 689        0.100740124
183 251        0.147948189
184 560        0.220893242
184 367        0.187953835
184 64        0.220365504
184 635        0.164025516
184 187        0.161494821
184 481        0.180140228
185 284         0.36409545
185 623        0.339219893
185 617        0.215469725
185 556        0.247583496
185 25        0.332879117
185 179        0.209854945
186 471        0.617331791
186 6        0.476161285
186 167        0.611758288
186 734        0.452812185
186 592        0.355321083
186 601        0.510469366
187 481        0.179796603
187 350        0.177419368
187 208        0.177534619
187 560        0.122164386
187 624        0.173939986
187 184        0.161494821
188 352        0.377187222
188 608        0.271462419
188 23        0.366677866
188 281        0.264687422
188 565        0.254603456
188 727        0.336074004
189 282        0.172073262
189 107        0.170445568
189 182        0.153654126
189 252        0.122372662
189 203        0.130476157
189 495        0.114841439
190 747        0.219221167
190 659         0.21534261
190 306        0.170955117
190 569         0.10982617
190 62        0.121885112
190 67        0.130564387
191 118        0.270026156
191 7        0.202782601
191 726        0.243774976
191 615        0.135869733
191 467        0.162608343
191 71        0.228774844
192 440        0.537825308
192 87        0.449131941
192 454        0.455025386
192 168        0.418627494
192 304        0.429597823
192 386        0.419454644
193 617         0.34858356
193 496        0.303157188
193 100        0.317457899
193 32         0.15054833
193 370        0.236495321
193 280          0.3022088
194 494        0.235207775
194 446        0.180022731
194 242        0.186424827
194 647        0.145052027
194 150        0.169786592
194 730        0.171533945
195 263        0.496572026
195 49        0.472934684
195 632        0.446229132
195 395        0.461750616
195 725        0.450019699
195 457         0.29727453
196 599        0.272528515
196 753        0.173860415
196 508        0.261498398
196 463        0.169424807
196 685        0.201827229
196 417        0.216379167
197 297        0.570425085
197 240        0.472550419
197 503         0.56379335
197 0        0.330217808
197 451        0.436748656
197 384        0.504681728
199 437        0.237976359
199 361        0.187575601
199 30        0.218057522
199 622        0.178745332
199 718        0.121045994
199 323       0.0825466747
200 593        0.496618876
200 272        0.467969734
200 65        0.484288828
200 588        0.230886676
200 750        0.207781776
200 34        0.373759369
198 710         0.25313395
198 380        0.224419314
198 69        0.223465803
198 162        0.104668062
198 524        0.108741111
198 577        0.166087254
201 235        0.218223109
201 584        0.185538344
201 564        0.211023467
201 550        0.149928342
201 387        0.183144113
201 719       0.0955431614
202 52        0.330114422
202 404        0.307937749
202 116        0.273557656
202 613        0.214219577
202 713        0.198965676
202 253        0.260168902
203 495        0.195909476
203 252        0.175598899
203 282        0.176507921
203 106        0.169616065
203 107       0.0945277855
203 189        0.130476157
204 664        0.274815359
204 245        0.249859899
204 562         0.22024774
204 222          0.2394996
204 78        0.113126419
204 419         0.19280374
205 583        0.421490862
205 261        0.211004272
205 696        0.389975723
205 646       0.0830365645
205 220        0.203874037
205 690        0.298417657
206 113        0.320074476
206 71        0.253719959
206 121        0.282414455
206 7        0.214543604
206 268        0.271376091
206 314        0.265896913
207 729        0.561956342
207 65        0.310875571
207 330        0.539206651
207 85        0.278176456
207 286        0.273320432
207 750         0.48581775
208 187        0.177534619
208 560        0.122198831
208 134        0.165700937
208 133        0.114051997
208 152        0.106341254
208 624        0.149835709
209 513        0.168047305
209 233        0.147749014
209 143        0.167382524
209 477        0.118234435
209 415        0.119323153
209 177          0.1455016
210 347        0.222060683
210 332        0.174762676
210 81        0.169009789
210 576         0.14107167
210 527        0.130224784
210 529         0.13538135
211 578        0.449373917
211 502        0.411692138
211 503        0.382531121
211 388        0.395240274
211 297        0.170639749
211 698        0.177799082
212 50        0.288249817
212 11        0.268345348
212 701        0.276008827
212 439        0.192746194
212 682        0.172028653
212 403        0.228771583
213 32        0.484740679
213 555        0.374333515
213 496        0.455770985
213 193        0.365985316
213 320        0.178481544
213 457        0.269053333
214 445        0.390067459
214 628        0.385649009
214 185        0.365941013
214 556        0.159327793
214 702        0.255192942
214 284        0.189827141
215 751        0.246637883
215 415         0.18550214
215 532        0.236958554
215 420        0.131266364
215 334        0.158006305
215 745        0.131829881
216 125        0.395434107
216 501        0.387898731
216 348        0.375361805
216 305        0.336592904
216 154        0.245905473
216 673        0.310075578
217 234        0.195619031
217 47        0.153129464
217 536        0.190292985
217 292          0.1287758
217 336        0.114508431
217 658        0.147854441
218 210        0.239403523
218 498        0.221921889
218 246        0.194676429
218 564        0.213957016
218 527        0.156165881
218 529        0.188319619
219 436        0.192281709
219 479        0.185692367
219 488        0.165897002
219 597       0.0940097482
219 22        0.160587058
219 693        0.145854436
220 214        0.494542677
220 261        0.411597124
220 92        0.445839572
220 646        0.276638743
220 205        0.203874037
220 690          0.3922297
221 58        0.238794619
221 416        0.212615991
221 546        0.215810535
221 290        0.185146746
221 531        0.189356511
221 3        0.117705872
222 671        0.243571769
222 361        0.196374914
222 204          0.2394996
222 419        0.146346563
222 664       0.0919011666
222 636        0.234306193
223 641        0.192139153
223 754        0.165610048
223 238        0.165014284
223 688        0.129027919
223 731        0.125516126
223 505          0.1311875
224 637         0.24198986
224 653        0.204506613
224 122        0.235487126
224 135        0.153884535
224 603        0.170303366
224 266        0.213339927
225 363        0.343436046
225 470        0.272925168
225 328        0.324401649
225 281        0.169669679
225 435        0.167637779
225 160        0.212955244
226 288        0.282602788
226 508        0.228840609
226 599        0.186437909
226 752        0.101309488
226 283         0.11208454
226 685        0.172230907
227 473        0.275575151
227 520        0.219982476
227 311        0.272059206
227 676        0.174315162
227 644         0.17365838
227 144          0.2437755
228 450        0.219781987
228 44         0.19006116
228 84         0.20698459
228 700        0.155401038
228 95        0.157447504
228 111        0.200008071
229 98        0.624179318
229 378        0.614252077
229 17        0.372736808
229 423        0.208396347
229 509        0.332337169
229 53        0.348769687
230 733        0.256356908
230 301        0.179917087
230 715        0.221280334
230 318        0.166569861
230 655       0.0869700953
230 708        0.183054187
231 458        0.311831775
231 179        0.256864234
231 631        0.275885031
231 25         0.21736374
231 692        0.176407873
231 140        0.126836573
232 58        0.248450373
232 525        0.219405576
232 572         0.22721874
232 574         0.11058817
232 598        0.146688416
232 636        0.203994651
233 415        0.195138095
233 209        0.147749014
233 667        0.153220323
233 679        0.123164375
233 751        0.117825191
233 143        0.135368106
234 217        0.195619031
234 155        0.129121198
234 296        0.151705346
234 336         0.10486646
234 47       0.0748461043
234 586        0.121626527
235 387        0.223109908
235 134        0.176143508
235 201        0.218223109
235 59       0.0900047086
235 550        0.072209268
235 719        0.165805886
236 374        0.279441831
236 288        0.241581244
236 140        0.209059722
236 89        0.224594084
236 692         0.20737766
236 265        0.180026027
237 422        0.363020091
237 74        0.327471644
237 404        0.358641859
237 559         0.21807039
237 697        0.247244695
237 253        0.280043205
238 581        0.216141832
238 721        0.202934859
238 223        0.165014284
238 688        0.131516328
238 86         0.16633711
238 704        0.125048994
239 43        0.342933172
239 538        0.226917126
239 528        0.247357135
239 52        0.216592559
239 312        0.192615894
239 487        0.215132881
240 197        0.472550419
240 153         0.30377665
240 254        0.315065525
240 287        0.165889018
240 0        0.166209725
240 451        0.306361115
241 707        0.242070295
241 163        0.179105115
241 391        0.198688366
241 666        0.135332626
241 621        0.126018657
241 411        0.194181159
242 259        0.266422126
242 194        0.186424827
242 726         0.23779281
242 494        0.156269101
242 446        0.171261428
242 741        0.197442992
243 128        0.216371696
243 18         0.16456042
243 715          0.2011039
243 264       0.0953187417
243 708        0.154690471
243 342        0.182654519
244 92        0.576431509
244 168         0.32507838
244 369        0.471428605
244 273        0.314983288
244 377        0.384554554
244 73        0.357611263
245 321        0.262732452
245 204        0.249859899
245 607        0.245680125
245 136        0.148317167
245 78        0.136776702
245 733        0.187819214
246 152        0.207092698
246 218        0.194676429
246 560        0.199243049
246 635        0.138674654
246 367        0.161102876
246 387        0.191883534
247 441        0.201451657
247 298        0.192720322
247 170        0.193942749
247 668        0.166310056
247 103        0.172895471
247 119        0.184816714
248 271        0.258104233
248 569        0.242159646
248 67        0.241793221
248 267        0.192041062
248 126        0.213552981
248 379         0.22689606
249 224        0.279599102
249 21        0.164574484
249 135        0.226295696
249 102        0.129649344
249 122        0.100743736
249 260        0.220661516
250 426         0.79744384
250 362         0.78496547
250 455        0.632759032
250 429        0.518489143
250 408         0.15774942
250 449        0.271343376
251 689         0.21230563
251 705        0.186607925
251 540        0.198145046
251 325        0.143056735
251 650       0.0905164589
251 183        0.147948189
252 548        0.217836858
